{
 "cells": [
  {
   "cell_type": "code",
   "execution_count": 2,
   "id": "ec7e9b3f-ac93-48ed-8851-29be452703eb",
   "metadata": {},
   "outputs": [],
   "source": [
    "import pandas as pd\n",
    "import requests\n",
    "pd.set_option('display.max_columns', None) # allows viewing of all columns in a wide DataFrame\n",
    "import time\n",
    "import numpy as np\n",
    "import plotly.express as px\n",
    "import plotly.graph_objects as go"
   ]
  },
  {
   "cell_type": "code",
   "execution_count": 18,
   "id": "33b71e9e-2bb4-4272-9bb5-14b48bf7c1db",
   "metadata": {},
   "outputs": [],
   "source": [
    "data = pd.read_excel('nba_player_data.xlsx')"
   ]
  },
  {
   "cell_type": "code",
   "execution_count": 19,
   "id": "52abbcb4-84d5-4a83-99a9-0cf3792924ad",
   "metadata": {},
   "outputs": [
    {
     "data": {
      "text/plain": [
       "(8048, 30)"
      ]
     },
     "execution_count": 19,
     "metadata": {},
     "output_type": "execute_result"
    }
   ],
   "source": [
    "data.shape"
   ]
  },
  {
   "cell_type": "markdown",
   "id": "f9356e32-6a35-4254-843f-3065ac86839a",
   "metadata": {},
   "source": [
    "## Data Cleaning & Analysis Preparation"
   ]
  },
  {
   "cell_type": "code",
   "execution_count": 20,
   "id": "8c5d0449-c3a9-4a2c-b157-013933c8ce19",
   "metadata": {},
   "outputs": [
    {
     "data": {
      "text/plain": [
       "Year           0\n",
       "Season_type    0\n",
       "PLAYER_ID      0\n",
       "RANK           0\n",
       "PLAYER         0\n",
       "TEAM_ID        0\n",
       "TEAM           0\n",
       "GP             0\n",
       "MIN            0\n",
       "FGM            0\n",
       "FGA            0\n",
       "FG_PCT         0\n",
       "FG3M           0\n",
       "FG3A           0\n",
       "FG3_PCT        0\n",
       "FTM            0\n",
       "FTA            0\n",
       "FT_PCT         0\n",
       "OREB           0\n",
       "DREB           0\n",
       "REB            0\n",
       "AST            0\n",
       "STL            0\n",
       "BLK            0\n",
       "TOV            0\n",
       "PF             0\n",
       "PTS            0\n",
       "EFF            0\n",
       "AST_TOV        0\n",
       "STL_TOV        0\n",
       "dtype: int64"
      ]
     },
     "execution_count": 20,
     "metadata": {},
     "output_type": "execute_result"
    }
   ],
   "source": [
    "data.isna().sum()"
   ]
  },
  {
   "cell_type": "code",
   "execution_count": 21,
   "id": "c5ffad3b-9382-4572-9ade-6ed62d6b178e",
   "metadata": {},
   "outputs": [],
   "source": [
    "# Remove columns that are not relevant or don't provide useful information\n",
    "\n",
    "data.drop(columns=['RANK', 'EFF'], inplace=True)"
   ]
  },
  {
   "cell_type": "code",
   "execution_count": 22,
   "id": "7bb5a4c6-c1a4-40a0-a309-ef64f6658068",
   "metadata": {},
   "outputs": [],
   "source": [
    "# Add column to make start year value easily accessible\n",
    "\n",
    "data['season_start_year'] = data['Year'].str[:4].astype(int)"
   ]
  },
  {
   "cell_type": "code",
   "execution_count": 23,
   "id": "1ae47a93-611b-40a1-93ea-5a3f168987a3",
   "metadata": {},
   "outputs": [],
   "source": [
    "# Check for team name changes within the last 10 years\n",
    "\n",
    "data.TEAM.nunique()\n",
    "\n",
    "# Change all instances of 'NOH' (New Orleans Hornets) and 'NOP' (New Orleans Pelicans) to a standardized 'NO' (New Orleans)\n",
    "\n",
    "data['TEAM'].replace(to_replace=['NOP','NOH'], value='NO', inplace=True)\n",
    "\n",
    "# Clean up formatting of Regular Season value ('Regular%20Season')\n",
    "\n",
    "data['Season_type'].replace('Regular%20Season', 'Regular Season', inplace = True)"
   ]
  },
  {
   "cell_type": "code",
   "execution_count": 24,
   "id": "015d2936-0894-4977-92cc-a12d685157ad",
   "metadata": {},
   "outputs": [],
   "source": [
    "# Separating large DataFrame into one for regular season and one for playoffs\n",
    "\n",
    "rs_df = data[data['Season_type']=='Regular Season']\n",
    "po_df = data[data['Season_type']=='Playoffs']"
   ]
  },
  {
   "cell_type": "code",
   "execution_count": 25,
   "id": "42c640c5-34dd-43fb-a19b-5d5de8fd6856",
   "metadata": {},
   "outputs": [],
   "source": [
    "# Remove percentage statistics so we can convert to per minute\n",
    "\n",
    "total_cols = ['MIN', 'FGM', 'FGA', 'FG3M', 'FG3A', 'FTM', 'FTA', 'OREB', \n",
    "              'DREB', 'REB', 'AST', 'STL', 'BLK', 'TOV', 'PF', 'PTS']"
   ]
  },
  {
   "cell_type": "markdown",
   "id": "c1eacc6b-7e16-4f27-bbaf-c9dfa95bf2bd",
   "metadata": {},
   "source": [
    "## Player Statistics Correlations"
   ]
  },
  {
   "cell_type": "code",
   "execution_count": 26,
   "id": "086795b4-4935-4698-b819-d3b23748ebf4",
   "metadata": {},
   "outputs": [],
   "source": [
    "# Group the data for the statistics we want to look at by player and year\n",
    "\n",
    "data_per_min = data.groupby(['PLAYER', 'PLAYER_ID', 'Year'])[total_cols].sum().reset_index()"
   ]
  },
  {
   "cell_type": "code",
   "execution_count": 27,
   "id": "f4e1c7ad-6392-4c86-9b2f-013765cd7b90",
   "metadata": {},
   "outputs": [],
   "source": [
    "# Convert statistics to per min statistics\n",
    "\n",
    "for col in data_per_min.columns[4:]:\n",
    "    data_per_min[col] = data_per_min[col] / data_per_min['MIN']\n",
    "    \n",
    "# Re-add percentage statistics\n",
    "    \n",
    "data_per_min['FG%'] = data_per_min['FGM']/data_per_min['FGA']\n",
    "data_per_min['3PT%'] = data_per_min['FG3M']/data_per_min['FG3A']\n",
    "data_per_min['FT%'] = data_per_min['FTM']/data_per_min['FTA']\n",
    "data_per_min['FG3A%'] = data_per_min['FG3A']/data_per_min['FGA']\n",
    "data_per_min['PTS/FGA'] = data_per_min['PTS']/data_per_min['FGA']\n",
    "data_per_min['FG3M/FGM'] = data_per_min['FG3M']/data_per_min['FGM']\n",
    "data_per_min['FTA/FGA'] = data_per_min['FTA']/data_per_min['FGA']\n",
    "data_per_min['TRU%'] = 0.5*data_per_min['PTS']/(data_per_min['FGA']+0.475*data_per_min['FTA'])\n",
    "data_per_min['AST/TOV'] = data_per_min['AST']/data_per_min['TOV']"
   ]
  },
  {
   "cell_type": "code",
   "execution_count": 28,
   "id": "a1625b64-942f-429d-9049-1503c0f34e57",
   "metadata": {},
   "outputs": [
    {
     "data": {
      "text/html": [
       "<div>\n",
       "<style scoped>\n",
       "    .dataframe tbody tr th:only-of-type {\n",
       "        vertical-align: middle;\n",
       "    }\n",
       "\n",
       "    .dataframe tbody tr th {\n",
       "        vertical-align: top;\n",
       "    }\n",
       "\n",
       "    .dataframe thead th {\n",
       "        text-align: right;\n",
       "    }\n",
       "</style>\n",
       "<table border=\"1\" class=\"dataframe\">\n",
       "  <thead>\n",
       "    <tr style=\"text-align: right;\">\n",
       "      <th></th>\n",
       "      <th>PLAYER</th>\n",
       "      <th>PLAYER_ID</th>\n",
       "      <th>Year</th>\n",
       "      <th>MIN</th>\n",
       "      <th>FGM</th>\n",
       "      <th>FGA</th>\n",
       "      <th>FG3M</th>\n",
       "      <th>FG3A</th>\n",
       "      <th>FTM</th>\n",
       "      <th>FTA</th>\n",
       "      <th>OREB</th>\n",
       "      <th>DREB</th>\n",
       "      <th>REB</th>\n",
       "      <th>AST</th>\n",
       "      <th>STL</th>\n",
       "      <th>BLK</th>\n",
       "      <th>TOV</th>\n",
       "      <th>PF</th>\n",
       "      <th>PTS</th>\n",
       "      <th>FG%</th>\n",
       "      <th>3PT%</th>\n",
       "      <th>FT%</th>\n",
       "      <th>FG3A%</th>\n",
       "      <th>PTS/FGA</th>\n",
       "      <th>FG3M/FGM</th>\n",
       "      <th>FTA/FGA</th>\n",
       "      <th>TRU%</th>\n",
       "      <th>AST/TOV</th>\n",
       "    </tr>\n",
       "  </thead>\n",
       "  <tbody>\n",
       "    <tr>\n",
       "      <th>0</th>\n",
       "      <td>A.J. Lawson</td>\n",
       "      <td>1630639</td>\n",
       "      <td>2022-23</td>\n",
       "      <td>108</td>\n",
       "      <td>0.203704</td>\n",
       "      <td>0.407407</td>\n",
       "      <td>0.092593</td>\n",
       "      <td>0.231481</td>\n",
       "      <td>0.018519</td>\n",
       "      <td>0.074074</td>\n",
       "      <td>0.055556</td>\n",
       "      <td>0.138889</td>\n",
       "      <td>0.194444</td>\n",
       "      <td>0.018519</td>\n",
       "      <td>0.018519</td>\n",
       "      <td>0.000000</td>\n",
       "      <td>0.027778</td>\n",
       "      <td>0.101852</td>\n",
       "      <td>0.518519</td>\n",
       "      <td>0.500000</td>\n",
       "      <td>0.400000</td>\n",
       "      <td>0.250000</td>\n",
       "      <td>0.568182</td>\n",
       "      <td>1.272727</td>\n",
       "      <td>0.454545</td>\n",
       "      <td>0.181818</td>\n",
       "      <td>0.585774</td>\n",
       "      <td>0.666667</td>\n",
       "    </tr>\n",
       "    <tr>\n",
       "      <th>1</th>\n",
       "      <td>AJ Green</td>\n",
       "      <td>1631260</td>\n",
       "      <td>2022-23</td>\n",
       "      <td>345</td>\n",
       "      <td>0.153623</td>\n",
       "      <td>0.362319</td>\n",
       "      <td>0.127536</td>\n",
       "      <td>0.304348</td>\n",
       "      <td>0.011594</td>\n",
       "      <td>0.011594</td>\n",
       "      <td>0.017391</td>\n",
       "      <td>0.113043</td>\n",
       "      <td>0.130435</td>\n",
       "      <td>0.063768</td>\n",
       "      <td>0.017391</td>\n",
       "      <td>0.000000</td>\n",
       "      <td>0.026087</td>\n",
       "      <td>0.089855</td>\n",
       "      <td>0.446377</td>\n",
       "      <td>0.424000</td>\n",
       "      <td>0.419048</td>\n",
       "      <td>1.000000</td>\n",
       "      <td>0.840000</td>\n",
       "      <td>1.232000</td>\n",
       "      <td>0.830189</td>\n",
       "      <td>0.032000</td>\n",
       "      <td>0.606777</td>\n",
       "      <td>2.444444</td>\n",
       "    </tr>\n",
       "    <tr>\n",
       "      <th>2</th>\n",
       "      <td>AJ Griffin</td>\n",
       "      <td>1631100</td>\n",
       "      <td>2022-23</td>\n",
       "      <td>1401</td>\n",
       "      <td>0.177016</td>\n",
       "      <td>0.380443</td>\n",
       "      <td>0.072091</td>\n",
       "      <td>0.184868</td>\n",
       "      <td>0.029979</td>\n",
       "      <td>0.033547</td>\n",
       "      <td>0.026410</td>\n",
       "      <td>0.082798</td>\n",
       "      <td>0.109208</td>\n",
       "      <td>0.052106</td>\n",
       "      <td>0.029979</td>\n",
       "      <td>0.008565</td>\n",
       "      <td>0.029979</td>\n",
       "      <td>0.062099</td>\n",
       "      <td>0.456103</td>\n",
       "      <td>0.465291</td>\n",
       "      <td>0.389961</td>\n",
       "      <td>0.893617</td>\n",
       "      <td>0.485929</td>\n",
       "      <td>1.198874</td>\n",
       "      <td>0.407258</td>\n",
       "      <td>0.088180</td>\n",
       "      <td>0.575339</td>\n",
       "      <td>1.738095</td>\n",
       "    </tr>\n",
       "    <tr>\n",
       "      <th>3</th>\n",
       "      <td>AJ Hammons</td>\n",
       "      <td>1627773</td>\n",
       "      <td>2016-17</td>\n",
       "      <td>163</td>\n",
       "      <td>0.104294</td>\n",
       "      <td>0.257669</td>\n",
       "      <td>0.030675</td>\n",
       "      <td>0.061350</td>\n",
       "      <td>0.055215</td>\n",
       "      <td>0.122699</td>\n",
       "      <td>0.049080</td>\n",
       "      <td>0.171779</td>\n",
       "      <td>0.220859</td>\n",
       "      <td>0.024540</td>\n",
       "      <td>0.006135</td>\n",
       "      <td>0.079755</td>\n",
       "      <td>0.061350</td>\n",
       "      <td>0.128834</td>\n",
       "      <td>0.294479</td>\n",
       "      <td>0.404762</td>\n",
       "      <td>0.500000</td>\n",
       "      <td>0.450000</td>\n",
       "      <td>0.238095</td>\n",
       "      <td>1.142857</td>\n",
       "      <td>0.294118</td>\n",
       "      <td>0.476190</td>\n",
       "      <td>0.466019</td>\n",
       "      <td>0.400000</td>\n",
       "    </tr>\n",
       "    <tr>\n",
       "      <th>4</th>\n",
       "      <td>AJ Price</td>\n",
       "      <td>201985</td>\n",
       "      <td>2012-13</td>\n",
       "      <td>1278</td>\n",
       "      <td>0.125978</td>\n",
       "      <td>0.323161</td>\n",
       "      <td>0.054773</td>\n",
       "      <td>0.156495</td>\n",
       "      <td>0.038341</td>\n",
       "      <td>0.048513</td>\n",
       "      <td>0.015649</td>\n",
       "      <td>0.073552</td>\n",
       "      <td>0.089202</td>\n",
       "      <td>0.160407</td>\n",
       "      <td>0.025822</td>\n",
       "      <td>0.002347</td>\n",
       "      <td>0.050078</td>\n",
       "      <td>0.057121</td>\n",
       "      <td>0.345070</td>\n",
       "      <td>0.389831</td>\n",
       "      <td>0.350000</td>\n",
       "      <td>0.790323</td>\n",
       "      <td>0.484262</td>\n",
       "      <td>1.067797</td>\n",
       "      <td>0.434783</td>\n",
       "      <td>0.150121</td>\n",
       "      <td>0.498361</td>\n",
       "      <td>3.203125</td>\n",
       "    </tr>\n",
       "    <tr>\n",
       "      <th>...</th>\n",
       "      <td>...</td>\n",
       "      <td>...</td>\n",
       "      <td>...</td>\n",
       "      <td>...</td>\n",
       "      <td>...</td>\n",
       "      <td>...</td>\n",
       "      <td>...</td>\n",
       "      <td>...</td>\n",
       "      <td>...</td>\n",
       "      <td>...</td>\n",
       "      <td>...</td>\n",
       "      <td>...</td>\n",
       "      <td>...</td>\n",
       "      <td>...</td>\n",
       "      <td>...</td>\n",
       "      <td>...</td>\n",
       "      <td>...</td>\n",
       "      <td>...</td>\n",
       "      <td>...</td>\n",
       "      <td>...</td>\n",
       "      <td>...</td>\n",
       "      <td>...</td>\n",
       "      <td>...</td>\n",
       "      <td>...</td>\n",
       "      <td>...</td>\n",
       "      <td>...</td>\n",
       "      <td>...</td>\n",
       "      <td>...</td>\n",
       "    </tr>\n",
       "    <tr>\n",
       "      <th>5691</th>\n",
       "      <td>Zion Williamson</td>\n",
       "      <td>1629627</td>\n",
       "      <td>2020-21</td>\n",
       "      <td>2026</td>\n",
       "      <td>0.312932</td>\n",
       "      <td>0.511846</td>\n",
       "      <td>0.004936</td>\n",
       "      <td>0.016782</td>\n",
       "      <td>0.182132</td>\n",
       "      <td>0.261106</td>\n",
       "      <td>0.082428</td>\n",
       "      <td>0.135242</td>\n",
       "      <td>0.217670</td>\n",
       "      <td>0.111550</td>\n",
       "      <td>0.028134</td>\n",
       "      <td>0.019250</td>\n",
       "      <td>0.082428</td>\n",
       "      <td>0.066634</td>\n",
       "      <td>0.812932</td>\n",
       "      <td>0.611379</td>\n",
       "      <td>0.294118</td>\n",
       "      <td>0.697543</td>\n",
       "      <td>0.032787</td>\n",
       "      <td>1.588235</td>\n",
       "      <td>0.015773</td>\n",
       "      <td>0.510125</td>\n",
       "      <td>0.639227</td>\n",
       "      <td>1.353293</td>\n",
       "    </tr>\n",
       "    <tr>\n",
       "      <th>5692</th>\n",
       "      <td>Zion Williamson</td>\n",
       "      <td>1629627</td>\n",
       "      <td>2022-23</td>\n",
       "      <td>956</td>\n",
       "      <td>0.298117</td>\n",
       "      <td>0.490586</td>\n",
       "      <td>0.007322</td>\n",
       "      <td>0.019874</td>\n",
       "      <td>0.185146</td>\n",
       "      <td>0.259414</td>\n",
       "      <td>0.060669</td>\n",
       "      <td>0.150628</td>\n",
       "      <td>0.211297</td>\n",
       "      <td>0.139121</td>\n",
       "      <td>0.033473</td>\n",
       "      <td>0.016736</td>\n",
       "      <td>0.103556</td>\n",
       "      <td>0.067992</td>\n",
       "      <td>0.788703</td>\n",
       "      <td>0.607676</td>\n",
       "      <td>0.368421</td>\n",
       "      <td>0.713710</td>\n",
       "      <td>0.040512</td>\n",
       "      <td>1.607676</td>\n",
       "      <td>0.024561</td>\n",
       "      <td>0.528785</td>\n",
       "      <td>0.642468</td>\n",
       "      <td>1.343434</td>\n",
       "    </tr>\n",
       "    <tr>\n",
       "      <th>5693</th>\n",
       "      <td>Zoran Dragic</td>\n",
       "      <td>204054</td>\n",
       "      <td>2014-15</td>\n",
       "      <td>75</td>\n",
       "      <td>0.146667</td>\n",
       "      <td>0.400000</td>\n",
       "      <td>0.040000</td>\n",
       "      <td>0.186667</td>\n",
       "      <td>0.040000</td>\n",
       "      <td>0.066667</td>\n",
       "      <td>0.066667</td>\n",
       "      <td>0.040000</td>\n",
       "      <td>0.106667</td>\n",
       "      <td>0.066667</td>\n",
       "      <td>0.026667</td>\n",
       "      <td>0.000000</td>\n",
       "      <td>0.066667</td>\n",
       "      <td>0.080000</td>\n",
       "      <td>0.373333</td>\n",
       "      <td>0.366667</td>\n",
       "      <td>0.214286</td>\n",
       "      <td>0.600000</td>\n",
       "      <td>0.466667</td>\n",
       "      <td>0.933333</td>\n",
       "      <td>0.272727</td>\n",
       "      <td>0.166667</td>\n",
       "      <td>0.432432</td>\n",
       "      <td>1.000000</td>\n",
       "    </tr>\n",
       "    <tr>\n",
       "      <th>5694</th>\n",
       "      <td>Zylan Cheatham</td>\n",
       "      <td>1629597</td>\n",
       "      <td>2019-20</td>\n",
       "      <td>51</td>\n",
       "      <td>0.117647</td>\n",
       "      <td>0.176471</td>\n",
       "      <td>0.000000</td>\n",
       "      <td>0.019608</td>\n",
       "      <td>0.000000</td>\n",
       "      <td>0.000000</td>\n",
       "      <td>0.058824</td>\n",
       "      <td>0.117647</td>\n",
       "      <td>0.176471</td>\n",
       "      <td>0.058824</td>\n",
       "      <td>0.019608</td>\n",
       "      <td>0.019608</td>\n",
       "      <td>0.078431</td>\n",
       "      <td>0.196078</td>\n",
       "      <td>0.235294</td>\n",
       "      <td>0.666667</td>\n",
       "      <td>0.000000</td>\n",
       "      <td>NaN</td>\n",
       "      <td>0.111111</td>\n",
       "      <td>1.333333</td>\n",
       "      <td>0.000000</td>\n",
       "      <td>0.000000</td>\n",
       "      <td>0.666667</td>\n",
       "      <td>0.750000</td>\n",
       "    </tr>\n",
       "    <tr>\n",
       "      <th>5695</th>\n",
       "      <td>Zylan Cheatham</td>\n",
       "      <td>1629597</td>\n",
       "      <td>2021-22</td>\n",
       "      <td>5</td>\n",
       "      <td>0.000000</td>\n",
       "      <td>0.600000</td>\n",
       "      <td>0.000000</td>\n",
       "      <td>0.400000</td>\n",
       "      <td>0.000000</td>\n",
       "      <td>0.000000</td>\n",
       "      <td>0.000000</td>\n",
       "      <td>0.000000</td>\n",
       "      <td>0.000000</td>\n",
       "      <td>0.000000</td>\n",
       "      <td>0.000000</td>\n",
       "      <td>0.000000</td>\n",
       "      <td>0.000000</td>\n",
       "      <td>0.000000</td>\n",
       "      <td>0.000000</td>\n",
       "      <td>0.000000</td>\n",
       "      <td>0.000000</td>\n",
       "      <td>NaN</td>\n",
       "      <td>0.666667</td>\n",
       "      <td>0.000000</td>\n",
       "      <td>NaN</td>\n",
       "      <td>0.000000</td>\n",
       "      <td>0.000000</td>\n",
       "      <td>NaN</td>\n",
       "    </tr>\n",
       "  </tbody>\n",
       "</table>\n",
       "<p>5696 rows × 28 columns</p>\n",
       "</div>"
      ],
      "text/plain": [
       "               PLAYER  PLAYER_ID     Year   MIN       FGM       FGA      FG3M  \\\n",
       "0         A.J. Lawson    1630639  2022-23   108  0.203704  0.407407  0.092593   \n",
       "1            AJ Green    1631260  2022-23   345  0.153623  0.362319  0.127536   \n",
       "2          AJ Griffin    1631100  2022-23  1401  0.177016  0.380443  0.072091   \n",
       "3          AJ Hammons    1627773  2016-17   163  0.104294  0.257669  0.030675   \n",
       "4            AJ Price     201985  2012-13  1278  0.125978  0.323161  0.054773   \n",
       "...               ...        ...      ...   ...       ...       ...       ...   \n",
       "5691  Zion Williamson    1629627  2020-21  2026  0.312932  0.511846  0.004936   \n",
       "5692  Zion Williamson    1629627  2022-23   956  0.298117  0.490586  0.007322   \n",
       "5693     Zoran Dragic     204054  2014-15    75  0.146667  0.400000  0.040000   \n",
       "5694   Zylan Cheatham    1629597  2019-20    51  0.117647  0.176471  0.000000   \n",
       "5695   Zylan Cheatham    1629597  2021-22     5  0.000000  0.600000  0.000000   \n",
       "\n",
       "          FG3A       FTM       FTA      OREB      DREB       REB       AST  \\\n",
       "0     0.231481  0.018519  0.074074  0.055556  0.138889  0.194444  0.018519   \n",
       "1     0.304348  0.011594  0.011594  0.017391  0.113043  0.130435  0.063768   \n",
       "2     0.184868  0.029979  0.033547  0.026410  0.082798  0.109208  0.052106   \n",
       "3     0.061350  0.055215  0.122699  0.049080  0.171779  0.220859  0.024540   \n",
       "4     0.156495  0.038341  0.048513  0.015649  0.073552  0.089202  0.160407   \n",
       "...        ...       ...       ...       ...       ...       ...       ...   \n",
       "5691  0.016782  0.182132  0.261106  0.082428  0.135242  0.217670  0.111550   \n",
       "5692  0.019874  0.185146  0.259414  0.060669  0.150628  0.211297  0.139121   \n",
       "5693  0.186667  0.040000  0.066667  0.066667  0.040000  0.106667  0.066667   \n",
       "5694  0.019608  0.000000  0.000000  0.058824  0.117647  0.176471  0.058824   \n",
       "5695  0.400000  0.000000  0.000000  0.000000  0.000000  0.000000  0.000000   \n",
       "\n",
       "           STL       BLK       TOV        PF       PTS       FG%      3PT%  \\\n",
       "0     0.018519  0.000000  0.027778  0.101852  0.518519  0.500000  0.400000   \n",
       "1     0.017391  0.000000  0.026087  0.089855  0.446377  0.424000  0.419048   \n",
       "2     0.029979  0.008565  0.029979  0.062099  0.456103  0.465291  0.389961   \n",
       "3     0.006135  0.079755  0.061350  0.128834  0.294479  0.404762  0.500000   \n",
       "4     0.025822  0.002347  0.050078  0.057121  0.345070  0.389831  0.350000   \n",
       "...        ...       ...       ...       ...       ...       ...       ...   \n",
       "5691  0.028134  0.019250  0.082428  0.066634  0.812932  0.611379  0.294118   \n",
       "5692  0.033473  0.016736  0.103556  0.067992  0.788703  0.607676  0.368421   \n",
       "5693  0.026667  0.000000  0.066667  0.080000  0.373333  0.366667  0.214286   \n",
       "5694  0.019608  0.019608  0.078431  0.196078  0.235294  0.666667  0.000000   \n",
       "5695  0.000000  0.000000  0.000000  0.000000  0.000000  0.000000  0.000000   \n",
       "\n",
       "           FT%     FG3A%   PTS/FGA  FG3M/FGM   FTA/FGA      TRU%   AST/TOV  \n",
       "0     0.250000  0.568182  1.272727  0.454545  0.181818  0.585774  0.666667  \n",
       "1     1.000000  0.840000  1.232000  0.830189  0.032000  0.606777  2.444444  \n",
       "2     0.893617  0.485929  1.198874  0.407258  0.088180  0.575339  1.738095  \n",
       "3     0.450000  0.238095  1.142857  0.294118  0.476190  0.466019  0.400000  \n",
       "4     0.790323  0.484262  1.067797  0.434783  0.150121  0.498361  3.203125  \n",
       "...        ...       ...       ...       ...       ...       ...       ...  \n",
       "5691  0.697543  0.032787  1.588235  0.015773  0.510125  0.639227  1.353293  \n",
       "5692  0.713710  0.040512  1.607676  0.024561  0.528785  0.642468  1.343434  \n",
       "5693  0.600000  0.466667  0.933333  0.272727  0.166667  0.432432  1.000000  \n",
       "5694       NaN  0.111111  1.333333  0.000000  0.000000  0.666667  0.750000  \n",
       "5695       NaN  0.666667  0.000000       NaN  0.000000  0.000000       NaN  \n",
       "\n",
       "[5696 rows x 28 columns]"
      ]
     },
     "execution_count": 28,
     "metadata": {},
     "output_type": "execute_result"
    }
   ],
   "source": []
  },
  {
   "cell_type": "code",
   "execution_count": 29,
   "id": "bea931a3-8f28-42c2-a7a4-8beb72d9af7d",
   "metadata": {},
   "outputs": [
    {
     "name": "stderr",
     "output_type": "stream",
     "text": [
      "/var/folders/5x/f9p4l0js21l4hxf7n7y4247m0000gn/T/ipykernel_93368/1252637717.py:6: SettingWithCopyWarning:\n",
      "\n",
      "\n",
      "A value is trying to be set on a copy of a slice from a DataFrame\n",
      "\n",
      "See the caveats in the documentation: https://pandas.pydata.org/pandas-docs/stable/user_guide/indexing.html#returning-a-view-versus-a-copy\n",
      "\n"
     ]
    }
   ],
   "source": [
    "# Remove players who barely played at all so our data is not skewed\n",
    "\n",
    "data_per_min = data_per_min[data_per_min['MIN']>=70]\n",
    "\n",
    "# Remove player ID column\n",
    "data_per_min.drop(columns='PLAYER_ID', inplace=True)"
   ]
  },
  {
   "cell_type": "code",
   "execution_count": 31,
   "id": "ef914990-e526-4f52-8d33-166762a392e2",
   "metadata": {},
   "outputs": [
    {
     "data": {
      "application/vnd.plotly.v1+json": {
       "config": {
        "plotlyServerURL": "https://plot.ly"
       },
       "data": [
        {
         "coloraxis": "coloraxis",
         "hovertemplate": "x: %{x}<br>y: %{y}<br>color: %{z}<extra></extra>",
         "name": "0",
         "type": "heatmap",
         "x": [
          "MIN",
          "FGM",
          "FGA",
          "FG3M",
          "FG3A",
          "FTM",
          "FTA",
          "OREB",
          "DREB",
          "REB",
          "AST",
          "STL",
          "BLK",
          "TOV",
          "PF",
          "PTS",
          "FG%",
          "3PT%",
          "FT%",
          "FG3A%",
          "PTS/FGA",
          "FG3M/FGM",
          "FTA/FGA",
          "TRU%",
          "AST/TOV"
         ],
         "xaxis": "x",
         "y": [
          "MIN",
          "FGM",
          "FGA",
          "FG3M",
          "FG3A",
          "FTM",
          "FTA",
          "OREB",
          "DREB",
          "REB",
          "AST",
          "STL",
          "BLK",
          "TOV",
          "PF",
          "PTS",
          "FG%",
          "3PT%",
          "FT%",
          "FG3A%",
          "PTS/FGA",
          "FG3M/FGM",
          "FTA/FGA",
          "TRU%",
          "AST/TOV"
         ],
         "yaxis": "y",
         "z": [
          [
           1,
           0.42882017654165705,
           0.35575662156072424,
           0.17977933631044973,
           0.10526982615242561,
           0.354253324201344,
           0.287703959363394,
           -0.11454264001673772,
           0.04205813552874338,
           -0.021037160314374352,
           0.24312994954642167,
           0.05353421281655674,
           -0.06217138043189243,
           0.1514563370349099,
           -0.39555239330562736,
           0.45785554020932484,
           0.19459767503631517,
           0.15654174205375243,
           0.25385881995274473,
           -0.024433580872686423,
           0.28322841624041994,
           0.000754661223408994,
           0.05545476245030549,
           0.3274615770237445,
           0.07491557677064246
          ],
          [
           0.42882017654165705,
           1,
           0.8775569980682515,
           0.17601089385387303,
           0.12841117223379792,
           0.6373633150531391,
           0.59867891632,
           0.07987358675651793,
           0.2305671067816611,
           0.18604759051386166,
           0.22837785242217748,
           -0.03352433196527785,
           0.06982003882314551,
           0.4245977315953685,
           -0.1975873498864023,
           0.958215950317998,
           0.3922963134662974,
           0.10898640219234199,
           0.21701284539526883,
           -0.2387904491320064,
           0.3734244931395997,
           -0.23051671358976095,
           0.09531396184994362,
           0.41288537906896033,
           -0.102752364837854
          ],
          [
           0.35575662156072424,
           0.8775569980682515,
           1,
           0.4130975070882518,
           0.4287925045862543,
           0.5770649433093804,
           0.4915698672400549,
           -0.21680167916949927,
           -0.012079538507348412,
           -0.10027669054694163,
           0.33681366069897806,
           0.021167289592786076,
           -0.1745883366701725,
           0.44862107804660734,
           -0.3299355994214986,
           0.9033137497881573,
           -0.07296637606530491,
           0.1710404857200891,
           0.32586524483688006,
           0.03899403246225139,
           -0.008526995722908132,
           0.03241532199013258,
           -0.09919972742082862,
           0.042755902189773244,
           0.011130467979172366
          ],
          [
           0.17977933631044973,
           0.17601089385387303,
           0.4130975070882518,
           1,
           0.9633716283307083,
           -0.02024291234230014,
           -0.16145401726130576,
           -0.6291940648028144,
           -0.4033905197250993,
           -0.5339026878606195,
           0.1609793804170243,
           -0.00026562822747456453,
           -0.45010026558456784,
           -0.07181109515241488,
           -0.4081798457449026,
           0.3438290251922246,
           -0.3970473147502209,
           0.5674344427065522,
           0.4159488332659962,
           0.8459441539849843,
           -0.09049643735324982,
           0.865617714915297,
           -0.44238205807213093,
           0.12261438703825377,
           0.23525053596736378
          ],
          [
           0.10526982615242561,
           0.12841117223379792,
           0.4287925045862543,
           0.9633716283307083,
           1,
           -0.03182748123456702,
           -0.17093888049333103,
           -0.6575201028890347,
           -0.4273037151715679,
           -0.5617321652111662,
           0.17947905326264335,
           0.019358226335825585,
           -0.4716473776576703,
           -0.04965518286194584,
           -0.40301349176135315,
           0.29750732324241097,
           -0.5192615294850956,
           0.4668584175874401,
           0.39877854867183743,
           0.8833029070450877,
           -0.22772330499013477,
           0.8553195253567014,
           -0.46605096021395653,
           -0.038850631918449945,
           0.24920400425426184
          ],
          [
           0.354253324201344,
           0.6373633150531391,
           0.5770649433093804,
           -0.02024291234230014,
           -0.03182748123456702,
           1,
           0.9545532548149065,
           0.09579423680372688,
           0.19348789690769713,
           0.1683759590510131,
           0.2551573504243951,
           0.032778671729748576,
           0.06900154044664161,
           0.4780839603752939,
           -0.09711796978236874,
           0.7567138351075409,
           0.21105682191265673,
           -0.002890109916593322,
           0.27820052867135153,
           -0.2896785676439782,
           0.4943667350048968,
           -0.2895370092212173,
           0.6379149029239993,
           0.2868215942592241,
           -0.11068814267743195
          ],
          [
           0.287703959363394,
           0.59867891632,
           0.4915698672400549,
           -0.16145401726130576,
           -0.17093888049333103,
           0.9545532548149065,
           1,
           0.24557414541229458,
           0.2957166247315966,
           0.2995610175425095,
           0.1814221334676438,
           0.035299321056037905,
           0.18110601970889428,
           0.48040882289255293,
           0.00854502821283037,
           0.6837912333151895,
           0.2984205648802718,
           -0.09278668964868497,
           0.03425496669965681,
           -0.4122644335230128,
           0.5219706137266518,
           -0.4082993352559056,
           0.7633824685601165,
           0.2575822555812277,
           -0.18833059075062408
          ],
          [
           -0.11454264001673772,
           0.07987358675651793,
           -0.21680167916949927,
           -0.6291940648028144,
           -0.6575201028890347,
           0.09579423680372688,
           0.24557414541229458,
           1,
           0.6836286240345689,
           0.8765790535799494,
           -0.38931647057245206,
           -0.12754217628298956,
           0.6223338143463646,
           -0.0064454967191594475,
           0.5024891380268437,
           -0.05244499544823435,
           0.5853783428417259,
           -0.4200757969392499,
           -0.3858469141341875,
           -0.661092552936084,
           0.37121342213813496,
           -0.6370749058122385,
           0.44926787447079164,
           0.22346696117156228,
           -0.42906972326185655
          ],
          [
           0.04205813552874338,
           0.2305671067816611,
           -0.012079538507348412,
           -0.4033905197250993,
           -0.4273037151715679,
           0.19348789690769713,
           0.2957166247315966,
           0.6836286240345689,
           1,
           0.950491007661923,
           -0.24182971989471078,
           -0.1357390610921951,
           0.553237829805286,
           0.11750573496469438,
           0.3354350121595777,
           0.13650104555612863,
           0.48909758107425927,
           -0.2646047477141656,
           -0.2596247775007213,
           -0.47635494922606886,
           0.3459667579854791,
           -0.4641314956600369,
           0.3370250895311558,
           0.24907802165186205,
           -0.35683165166736547
          ],
          [
           -0.021037160314374352,
           0.18604759051386166,
           -0.10027669054694163,
           -0.5339026878606195,
           -0.5617321652111662,
           0.1683759590510131,
           0.2995610175425095,
           0.8765790535799494,
           0.950491007661923,
           1,
           -0.32523100126692367,
           -0.14381360302470103,
           0.629792633859455,
           0.07474015531837165,
           0.43514278920533317,
           0.06767988714220521,
           0.5717626992625529,
           -0.3521921705342557,
           -0.33546139320103086,
           -0.5955981863179561,
           0.38619205945114604,
           -0.5773115086202307,
           0.4135303876726769,
           0.2593940649240188,
           -0.41755288116881173
          ],
          [
           0.24312994954642167,
           0.22837785242217748,
           0.33681366069897806,
           0.1609793804170243,
           0.17947905326264335,
           0.2551573504243951,
           0.1814221334676438,
           -0.38931647057245206,
           -0.24182971989471078,
           -0.32523100126692367,
           1,
           0.3074154770645513,
           -0.34050585753605483,
           0.6003526327712052,
           -0.3174425390564876,
           0.2778916123171605,
           -0.17339735226233005,
           0.10877490739474353,
           0.20568768027487933,
           0.06456940003358674,
           -0.09793907618586527,
           0.046327236680109025,
           -0.056382599460320114,
           -0.09262943861484832,
           0.6036004085229062
          ],
          [
           0.05353421281655674,
           -0.03352433196527785,
           0.021167289592786076,
           -0.00026562822747456453,
           0.019358226335825585,
           0.032778671729748576,
           0.035299321056037905,
           -0.12754217628298956,
           -0.1357390610921951,
           -0.14381360302470103,
           0.3074154770645513,
           1,
           -0.08477478636343802,
           0.1741182148868713,
           -0.028054035187235777,
           -0.014895317997912215,
           -0.11494092223420324,
           -0.002292195863377145,
           -0.028101504815589397,
           0.0213536496476214,
           -0.09400065615877076,
           0.0027727090211072136,
           0.005956149676068962,
           -0.11471703470713226,
           0.2008186621573414
          ],
          [
           -0.06217138043189243,
           0.06982003882314551,
           -0.1745883366701725,
           -0.45010026558456784,
           -0.4716473776576703,
           0.06900154044664161,
           0.18110601970889428,
           0.6223338143463646,
           0.553237829805286,
           0.629792633859455,
           -0.34050585753605483,
           -0.08477478636343802,
           1,
           -0.023042508707389334,
           0.4462815292680155,
           -0.028104669736326304,
           0.4916637985204741,
           -0.2783259316197829,
           -0.3160998331645077,
           -0.47676687234829646,
           0.3308272292198857,
           -0.45954995203877513,
           0.3387430082886907,
           0.22767572405494846,
           -0.3603672393699905
          ],
          [
           0.1514563370349099,
           0.4245977315953685,
           0.44862107804660734,
           -0.07181109515241488,
           -0.04965518286194584,
           0.4780839603752939,
           0.48040882289255293,
           -0.0064454967191594475,
           0.11750573496469438,
           0.07474015531837165,
           0.6003526327712052,
           0.1741182148868713,
           -0.023042508707389334,
           1,
           0.031943005256803755,
           0.4356900479238106,
           0.030103011535265446,
           -0.06336486168329673,
           0.04308993121631085,
           -0.25624009989257424,
           0.0481340988910676,
           -0.2691011624131388,
           0.22111329712079253,
           -0.05394803810422715,
           -0.1350625046996491
          ],
          [
           -0.39555239330562736,
           -0.1975873498864023,
           -0.3299355994214986,
           -0.4081798457449026,
           -0.40301349176135315,
           -0.09711796978236874,
           0.00854502821283037,
           0.5024891380268437,
           0.3354350121595777,
           0.43514278920533317,
           -0.3174425390564876,
           -0.028054035187235777,
           0.4462815292680155,
           0.031943005256803755,
           1,
           -0.263388702665147,
           0.22760229607328897,
           -0.27646914160060165,
           -0.30551331085913147,
           -0.33569175621808944,
           0.10931092139573297,
           -0.3315982108426513,
           0.26161700212756756,
           8.158649113439314e-06,
           -0.35602690071808596
          ],
          [
           0.45785554020932484,
           0.958215950317998,
           0.9033137497881573,
           0.3438290251922246,
           0.29750732324241097,
           0.7567138351075409,
           0.6837912333151895,
           -0.05244499544823435,
           0.13650104555612863,
           0.06767988714220521,
           0.2778916123171605,
           -0.014895317997912215,
           -0.028104669736326304,
           0.4356900479238106,
           -0.263388702665147,
           1,
           0.26134049961686157,
           0.20084587859097225,
           0.3330149309558106,
           -0.07305297501785087,
           0.3989485281224142,
           -0.06261167190263517,
           0.16016877513750044,
           0.41366088488169805,
           -0.05575826907148701
          ],
          [
           0.19459767503631517,
           0.3922963134662974,
           -0.07296637606530491,
           -0.3970473147502209,
           -0.5192615294850956,
           0.21105682191265673,
           0.2984205648802718,
           0.5853783428417259,
           0.48909758107425927,
           0.5717626992625529,
           -0.17339735226233005,
           -0.11494092223420324,
           0.4916637985204741,
